{"checks":[{"name":"Neumann/free: L = B^T B has diag {1,2,2,2,2,1}, zero row sums, kernel = constants, rank 5","pass":true},{"name":"solvability: L x = e_1 inconsistent (best residual = 1/sqrt(6), the constant component); L x = e_1 - e_2 solvable, +const still solves","pass":true,"max_err":8.881784197001252e-16},{"name":"pinv gauge: L+ 1 = 0, 1^T L+ = 0; balanced f -> L(L+ f) = f and sum(L+ f) = 0","pass":true,"max_err":2.4424906541753444e-15},{"name":"USER FINDING: TriangularRankOneQ[GroundedInverse[L,1]] -- corner ranks [0, 1, 1, 1, 1, 1], all <= 1 (exact Fractions)","pass":true},{"name":"USER FINDING: TriangularRankQ[PseudoInverse[L], 2] -- corner ranks [1, 2, 2, 2, 2, 1], all <= 2 (exact Fractions)","pass":true},{"name":"pinv triangular rank EXACTLY 2: max corner rank = 2, rank-2 blocks at j = [2, 3, 4, 5], TriangularRankQ[.,1] = False","pass":true},{"name":"TriangularRankOneQ[GroundedInverse[L,k]] for ALL k = 1..6 (exact certificates [1, 1, 1, 1, 1, 1])","pass":true},{"name":"GroundedInverse[L,1] == [min(i,j) - 1] EXACTLY (integer Brownian-motion kernel)","pass":true},{"name":"interior grounding k = 2..5: exact block split, cross-blocks == 0 (Markov separator), blocks == [k - max(i,j)] and [min(i,j) - k]","pass":true},{"name":"Dirichlet both: free 8-path Laplacian minus wall rows/cols == L + e1e1^T + e6e6^T == tridiag(-1,2,-1) == suite laplacian_1d(6)","pass":true},{"name":"bridge: inv(tridiag) == [min(i,j)(7-max(i,j))/7] EXACTLY == (1/h)(min(x,y)-xy), h = 1/7; triangular rank 1 (corner ranks [1, 1, 1, 1, 1, 1])","pass":true},{"name":"ROBIN closed form EXACT: inv(L + kappa e1e1^T) == [min(i,j) - 1 + 1/kappa] for kappa in {1/100, 1/10, 1, 10, 100}; u_i = i - 1 + 1/kappa, v_j = 1","pass":true},{"name":"ROBIN rank: TriangularRankOneQ holds for every kappa > 0 (exact at 5 kappas)","pass":true},{"name":"ROBIN float sweep: closed form holds on kappa = 1e-6..1e6 (13 pts, rel err) and SVD triangular rank 1 at every kappa","pass":true,"max_err":2.1870359857007468e-10},{"name":"ROBIN limits: kappa*G -> 11^T as kappa -> 0 (Neumann blow-up along constants); G -> grounded-at-1 as kappa -> inf, error == 1/kappa","pass":true,"max_err":5.000218704642734e-06},{"name":"Gantmacher-Krein: 20 random irreducible SPD tridiagonals (n = 6, 32) -> inverse has SVD triangular rank 1","pass":true},{"name":"GAUGE IDENTITY: C.GroundedInverse(L,k).C IDENTICAL for all k = 1..6 (exact) and satisfies all four Moore-Penrose axioms exactly => == L+; numpy pinv agrees","pass":true,"max_err":1.7763568394002505e-15},{"name":"+1 rank from centering: L+ upper triangle == u1 v1^T + u2 v2^T exactly, u1_i = (i-1) - rowmean_i + grandmean (motion pair), v2_j = -rowmean_j (centering pair)","pass":true},{"name":"R_eff gauge-invariance: identical from GroundedInverse(L,k) for every k AND from pinv, == |i - j| EXACTLY (full 6x6, exact rationals)","pass":true},{"name":"Sturm-Liouville factors: bridge u=i, v=(7-j)/7; motion u=i-1, v=1; mirrored u=1, v=6-j; Robin(kappa=1) u=i, v=1 -- all EXACT; interior k=3 one pair PER block; numeric extraction matches","pass":true,"max_err":2.220446049250313e-16},{"name":"semiseparable == separator rank: max corner-block rank equals max off-diagonal-block rank (report 14) on pinv, bridge, Robin, and all 6 groundings","pass":true},{"name":"n = 32: grounded inverse == exact min-kernels + block split for ALL k = 1..32, SVD rank 1; pinv triangular rank exactly 2 (max corner rank 2); gauge identity; R_eff == |i-j|","pass":true,"max_err":6.536993168992922e-13},{"name":"n = 32 continuum: bridge inverse == (1/h)(min(x,y) - xy), motion inverse == (1/h) min(x,y) (h = 1/33)","pass":true,"max_err":2.948752353404416e-13},{"name":"n = 32 ROBIN grid: inv(L + kappa e1e1^T) == [min(i,j) - 1 + 1/kappa] on the 9-kappa widget grid, SVD rank 1 each","pass":true,"max_err":3.254394209588245e-14}],"n6":{"L":[[1,-1,0,0,0,0],[-1,2,-1,0,0,0],[0,-1,2,-1,0,0],[0,0,-1,2,-1,0],[0,0,0,-1,2,-1],[0,0,0,0,-1,1]],"B_rows":[[1,-1,0,0,0,0],[0,1,-1,0,0,0],[0,0,1,-1,0,0],[0,0,0,1,-1,0],[0,0,0,0,1,-1]],"selected_column":4,"modes":{"dirichlet_both":{"operator":"tridiag(-1,2,-1) = L + e1e1^T + e6e6^T (append walls, delete)","inverse_exact":[["6/7","5/7","4/7","3/7","2/7","1/7"],["5/7","10/7","8/7","6/7","4/7","2/7"],["4/7","8/7","12/7","9/7","6/7","3/7"],["3/7","6/7","9/7","12/7","8/7","4/7"],["2/7","4/7","6/7","8/7","10/7","5/7"],["1/7","2/7","3/7","4/7","5/7","6/7"]],"inverse_float":[[0.8571428571428571,0.7142857142857143,0.5714285714285714,0.42857142857142855,0.2857142857142857,0.14285714285714285],[0.7142857142857143,1.4285714285714286,1.1428571428571428,0.8571428571428571,0.5714285714285714,0.2857142857142857],[0.5714285714285714,1.1428571428571428,1.7142857142857142,1.2857142857142858,0.8571428571428571,0.42857142857142855],[0.42857142857142855,0.8571428571428571,1.2857142857142858,1.7142857142857142,1.1428571428571428,0.5714285714285714],[0.2857142857142857,0.5714285714285714,0.8571428571428571,1.1428571428571428,1.4285714285714286,0.7142857142857143],[0.14285714285714285,0.2857142857142857,0.42857142857142855,0.5714285714285714,0.7142857142857143,0.8571428571428571]],"column":[0.42857142857142855,0.8571428571428571,1.2857142857142858,1.7142857142857142,1.1428571428571428,0.5714285714285714],"u":["1","2","3","4","5","6"],"v":["6/7","5/7","4/7","3/7","2/7","1/7"],"uv_family":"bridge: u ~ x, v ~ (1-x); G ~ x(1-s)","corner_ranks":[1,1,1,1,1,1],"triangular_rank":1},"ground_1":{"operator":"delete row/col 1 of L, invert, re-embed (GroundedInverse[L,1])","inverse_exact":[["0","0","0","0","0","0"],["0","1","1","1","1","1"],["0","1","2","2","2","2"],["0","1","2","3","3","3"],["0","1","2","3","4","4"],["0","1","2","3","4","5"]],"inverse_float":[[0.0,0.0,0.0,0.0,0.0,0.0],[0.0,1.0,1.0,1.0,1.0,1.0],[0.0,1.0,2.0,2.0,2.0,2.0],[0.0,1.0,2.0,3.0,3.0,3.0],[0.0,1.0,2.0,3.0,4.0,4.0],[0.0,1.0,2.0,3.0,4.0,5.0]],"column":[0.0,1.0,2.0,3.0,3.0,3.0],"uv_per_block":{"left":{"u":[],"v":[]},"right":{"u":["1","2","3","4","5"],"v":["1","1","1","1","1"]}},"uv_family":"motion: min-family run away from k; one pair per irreducible block","corner_ranks":[0,1,1,1,1,1],"triangular_rank":1},"ground_2":{"operator":"delete row/col 2 of L, invert, re-embed (GroundedInverse[L,2])","inverse_exact":[["1","0","0","0","0","0"],["0","0","0","0","0","0"],["0","0","1","1","1","1"],["0","0","1","2","2","2"],["0","0","1","2","3","3"],["0","0","1","2","3","4"]],"inverse_float":[[1.0,0.0,0.0,0.0,0.0,0.0],[0.0,0.0,0.0,0.0,0.0,0.0],[0.0,0.0,1.0,1.0,1.0,1.0],[0.0,0.0,1.0,2.0,2.0,2.0],[0.0,0.0,1.0,2.0,3.0,3.0],[0.0,0.0,1.0,2.0,3.0,4.0]],"column":[0.0,0.0,1.0,2.0,2.0,2.0],"uv_per_block":{"left":{"u":["1"],"v":["1"]},"right":{"u":["1","2","3","4"],"v":["1","1","1","1"]}},"uv_family":"motion: min-family run away from k; one pair per irreducible block","corner_ranks":[1,0,1,1,1,1],"triangular_rank":1},"ground_3":{"operator":"delete row/col 3 of L, invert, re-embed (GroundedInverse[L,3])","inverse_exact":[["2","1","0","0","0","0"],["1","1","0","0","0","0"],["0","0","0","0","0","0"],["0","0","0","1","1","1"],["0","0","0","1","2","2"],["0","0","0","1","2","3"]],"inverse_float":[[2.0,1.0,0.0,0.0,0.0,0.0],[1.0,1.0,0.0,0.0,0.0,0.0],[0.0,0.0,0.0,0.0,0.0,0.0],[0.0,0.0,0.0,1.0,1.0,1.0],[0.0,0.0,0.0,1.0,2.0,2.0],[0.0,0.0,0.0,1.0,2.0,3.0]],"column":[0.0,0.0,0.0,1.0,1.0,1.0],"uv_per_block":{"left":{"u":["1","1"],"v":["2","1"]},"right":{"u":["1","2","3"],"v":["1","1","1"]}},"uv_family":"motion: min-family run away from k; one pair per irreducible block","corner_ranks":[1,1,0,1,1,1],"triangular_rank":1},"ground_4":{"operator":"delete row/col 4 of L, invert, re-embed (GroundedInverse[L,4])","inverse_exact":[["3","2","1","0","0","0"],["2","2","1","0","0","0"],["1","1","1","0","0","0"],["0","0","0","0","0","0"],["0","0","0","0","1","1"],["0","0","0","0","1","2"]],"inverse_float":[[3.0,2.0,1.0,0.0,0.0,0.0],[2.0,2.0,1.0,0.0,0.0,0.0],[1.0,1.0,1.0,0.0,0.0,0.0],[0.0,0.0,0.0,0.0,0.0,0.0],[0.0,0.0,0.0,0.0,1.0,1.0],[0.0,0.0,0.0,0.0,1.0,2.0]],"column":[0.0,0.0,0.0,0.0,0.0,0.0],"uv_per_block":{"left":{"u":["1","1","1"],"v":["3","2","1"]},"right":{"u":["1","2"],"v":["1","1"]}},"uv_family":"motion: min-family run away from k; one pair per irreducible block","corner_ranks":[1,1,1,0,1,1],"triangular_rank":1},"ground_5":{"operator":"delete row/col 5 of L, invert, re-embed (GroundedInverse[L,5])","inverse_exact":[["4","3","2","1","0","0"],["3","3","2","1","0","0"],["2","2","2","1","0","0"],["1","1","1","1","0","0"],["0","0","0","0","0","0"],["0","0","0","0","0","1"]],"inverse_float":[[4.0,3.0,2.0,1.0,0.0,0.0],[3.0,3.0,2.0,1.0,0.0,0.0],[2.0,2.0,2.0,1.0,0.0,0.0],[1.0,1.0,1.0,1.0,0.0,0.0],[0.0,0.0,0.0,0.0,0.0,0.0],[0.0,0.0,0.0,0.0,0.0,1.0]],"column":[1.0,1.0,1.0,1.0,0.0,0.0],"uv_per_block":{"left":{"u":["1","1","1","1"],"v":["4","3","2","1"]},"right":{"u":["1"],"v":["1"]}},"uv_family":"motion: min-family run away from k; one pair per irreducible block","corner_ranks":[1,1,1,1,0,1],"triangular_rank":1},"ground_6":{"operator":"delete row/col 6 of L, invert, re-embed (GroundedInverse[L,6])","inverse_exact":[["5","4","3","2","1","0"],["4","4","3","2","1","0"],["3","3","3","2","1","0"],["2","2","2","2","1","0"],["1","1","1","1","1","0"],["0","0","0","0","0","0"]],"inverse_float":[[5.0,4.0,3.0,2.0,1.0,0.0],[4.0,4.0,3.0,2.0,1.0,0.0],[3.0,3.0,3.0,2.0,1.0,0.0],[2.0,2.0,2.0,2.0,1.0,0.0],[1.0,1.0,1.0,1.0,1.0,0.0],[0.0,0.0,0.0,0.0,0.0,0.0]],"column":[2.0,2.0,2.0,2.0,1.0,0.0],"uv_per_block":{"left":{"u":["1","1","1","1","1"],"v":["5","4","3","2","1"]},"right":{"u":[],"v":[]}},"uv_family":"motion: min-family run away from k; one pair per irreducible block","corner_ranks":[1,1,1,1,1,0],"triangular_rank":1},"pinv":{"operator":"Moore-Penrose pseudoinverse of L (mean-zero gauge)","inverse_exact":[["55/36","25/36","1/36","-17/36","-29/36","-35/36"],["25/36","31/36","7/36","-11/36","-23/36","-29/36"],["1/36","7/36","19/36","1/36","-11/36","-17/36"],["-17/36","-11/36","1/36","19/36","7/36","1/36"],["-29/36","-23/36","-11/36","7/36","31/36","25/36"],["-35/36","-29/36","-17/36","1/36","25/36","55/36"]],"inverse_float":[[1.5277777777777777,0.6944444444444444,0.027777777777777776,-0.4722222222222222,-0.8055555555555556,-0.9722222222222222],[0.6944444444444444,0.8611111111111112,0.19444444444444445,-0.3055555555555556,-0.6388888888888888,-0.8055555555555556],[0.027777777777777776,0.19444444444444445,0.5277777777777778,0.027777777777777776,-0.3055555555555556,-0.4722222222222222],[-0.4722222222222222,-0.3055555555555556,0.027777777777777776,0.5277777777777778,0.19444444444444445,0.027777777777777776],[-0.8055555555555556,-0.6388888888888888,-0.3055555555555556,0.19444444444444445,0.8611111111111112,0.6944444444444444],[-0.9722222222222222,-0.8055555555555556,-0.4722222222222222,0.027777777777777776,0.6944444444444444,1.5277777777777777]],"column":[-0.4722222222222222,-0.3055555555555556,0.027777777777777776,0.5277777777777778,0.19444444444444445,0.027777777777777776],"uv_pairs":[{"u":["55/36","61/36","73/36","91/36","115/36","145/36"],"v":["1","1","1","1","1","1"]},{"u":["1","1","1","1","1","1"],"v":["0","-5/6","-3/2","-2","-7/3","-5/2"]}],"uv_family":"TWO pairs: motion pair + centering pair (C = I - 11^T/6 adds +1 rank)","corner_ranks":[1,2,2,2,2,1],"triangular_rank":2},"robin":{"operator":"L + kappa e1 e1^T (partial grounding through resistor 1/kappa)","closed_form":"inverse_ij = min(i,j) - 1 + 1/kappa; u_i = i - 1 + 1/kappa, v_j = 1","kappas_exact":["1/100","1/10","1","10","100"],"inverse_exact":{"1/100":[["100","100","100","100","100","100"],["100","101","101","101","101","101"],["100","101","102","102","102","102"],["100","101","102","103","103","103"],["100","101","102","103","104","104"],["100","101","102","103","104","105"]],"1/10":[["10","10","10","10","10","10"],["10","11","11","11","11","11"],["10","11","12","12","12","12"],["10","11","12","13","13","13"],["10","11","12","13","14","14"],["10","11","12","13","14","15"]],"1":[["1","1","1","1","1","1"],["1","2","2","2","2","2"],["1","2","3","3","3","3"],["1","2","3","4","4","4"],["1","2","3","4","5","5"],["1","2","3","4","5","6"]],"10":[["1/10","1/10","1/10","1/10","1/10","1/10"],["1/10","11/10","11/10","11/10","11/10","11/10"],["1/10","11/10","21/10","21/10","21/10","21/10"],["1/10","11/10","21/10","31/10","31/10","31/10"],["1/10","11/10","21/10","31/10","41/10","41/10"],["1/10","11/10","21/10","31/10","41/10","51/10"]],"100":[["1/100","1/100","1/100","1/100","1/100","1/100"],["1/100","101/100","101/100","101/100","101/100","101/100"],["1/100","101/100","201/100","201/100","201/100","201/100"],["1/100","101/100","201/100","301/100","301/100","301/100"],["1/100","101/100","201/100","301/100","401/100","401/100"],["1/100","101/100","201/100","301/100","401/100","501/100"]]},"kappa_grid":[1e-06,1e-05,0.0001,0.001,0.01,0.1,1.0,10.0,100.0,1000.0,10000.0,100000.0,1000000.0],"columns":{"1e-06":[1000000.0,1000001.0,1000002.0,1000003.0,1000003.0,1000003.0],"1e-05":[99999.99999999999,100000.99999999999,100001.99999999999,100002.99999999999,100002.99999999999,100002.99999999999],"0.0001":[10000.0,10001.0,10002.0,10003.0,10003.0,10003.0],"0.001":[1000.0,1001.0,1002.0,1003.0,1003.0,1003.0],"0.01":[100.0,101.0,102.0,103.0,103.0,103.0],"0.1":[10.0,11.0,12.0,13.0,13.0,13.0],"1":[1.0,2.0,3.0,4.0,4.0,4.0],"10":[0.1,1.1,2.1,3.1,3.1,3.1],"100":[0.01,1.01,2.01,3.01,3.01,3.01],"1000":[0.001,1.001,2.001,3.001,3.001,3.001],"10000":[0.0001,1.0001,2.0001,3.0001,3.0001,3.0001],"100000":[1e-05,1.00001,2.00001,3.00001,3.00001,3.00001],"1e+06":[1e-06,1.000001,2.000001,3.000001,3.000001,3.000001]},"corner_ranks":[1,1,1,1,1,1],"triangular_rank":1}},"R_eff_exact":[[0,1,2,3,4,5],[1,0,1,2,3,4],[2,1,0,1,2,3],[3,2,1,0,1,2],[4,3,2,1,0,1],[5,4,3,2,1,0]],"gauge":{"C":"I - 11^T/6 (exact rationals)","statement":"L+ == C . GroundedInverse(L,k) . C for EVERY k = 1..6; proved exactly via the four Moore-Penrose axioms; all groundings coincide after double centering","pinv_exact":[["55/36","25/36","1/36","-17/36","-29/36","-35/36"],["25/36","31/36","7/36","-11/36","-23/36","-29/36"],["1/36","7/36","19/36","1/36","-11/36","-17/36"],["-17/36","-11/36","1/36","19/36","7/36","1/36"],["-29/36","-23/36","-11/36","7/36","31/36","25/36"],["-35/36","-29/36","-17/36","1/36","25/36","55/36"]]}},"n32":{"selected_column":16,"h":0.030303030303030304,"x_bridge":[0.030303030303030304,0.06060606060606061,0.09090909090909091,0.12121212121212122,0.15151515151515152,0.18181818181818182,0.21212121212121213,0.24242424242424243,0.2727272727272727,0.30303030303030304,0.33333333333333337,0.36363636363636365,0.3939393939393939,0.42424242424242425,0.4545454545454546,0.48484848484848486,0.5151515151515151,0.5454545454545454,0.5757575757575758,0.6060606060606061,0.6363636363636364,0.6666666666666667,0.696969696969697,0.7272727272727273,0.7575757575757576,0.7878787878787878,0.8181818181818182,0.8484848484848485,0.8787878787878788,0.9090909090909092,0.9393939393939394,0.9696969696969697],"x_motion":[0.0,0.030303030303030304,0.06060606060606061,0.09090909090909091,0.12121212121212122,0.15151515151515152,0.18181818181818182,0.21212121212121213,0.24242424242424243,0.2727272727272727,0.30303030303030304,0.33333333333333337,0.36363636363636365,0.3939393939393939,0.42424242424242425,0.4545454545454546,0.48484848484848486,0.5151515151515151,0.5454545454545454,0.5757575757575758,0.6060606060606061,0.6363636363636364,0.6666666666666667,0.696969696969697,0.7272727272727273,0.7575757575757576,0.7878787878787878,0.8181818181818182,0.8484848484848485,0.8787878787878788,0.9090909090909092,0.9393939393939394],"modes":{"dirichlet_both":{"heatmap":[[0.969697,0.939394,0.909091,0.878788,0.848485,0.818182,0.787879,0.757576,0.727273,0.69697,0.666667,0.636364,0.606061,0.575758,0.545455,0.515152,0.484848,0.454545,0.424242,0.393939,0.363636,0.333333,0.30303,0.272727,0.242424,0.212121,0.181818,0.151515,0.121212,0.090909,0.060606,0.030303],[0.939394,1.878788,1.818182,1.757576,1.69697,1.636364,1.575758,1.515152,1.454545,1.393939,1.333333,1.272727,1.212121,1.151515,1.090909,1.030303,0.969697,0.909091,0.848485,0.787879,0.727273,0.666667,0.606061,0.545455,0.484848,0.424242,0.363636,0.30303,0.242424,0.181818,0.121212,0.060606],[0.909091,1.818182,2.727273,2.636364,2.545455,2.454545,2.363636,2.272727,2.181818,2.090909,2.0,1.909091,1.818182,1.727273,1.636364,1.545455,1.454545,1.363636,1.272727,1.181818,1.090909,1.0,0.909091,0.818182,0.727273,0.636364,0.545455,0.454545,0.363636,0.272727,0.181818,0.090909],[0.878788,1.757576,2.636364,3.515152,3.393939,3.272727,3.151515,3.030303,2.909091,2.787879,2.666667,2.545455,2.424242,2.30303,2.181818,2.060606,1.939394,1.818182,1.69697,1.575758,1.454545,1.333333,1.212121,1.090909,0.969697,0.848485,0.727273,0.606061,0.484848,0.363636,0.242424,0.121212],[0.848485,1.69697,2.545455,3.393939,4.242424,4.090909,3.939394,3.787879,3.636364,3.484848,3.333333,3.181818,3.030303,2.878788,2.727273,2.575758,2.424242,2.272727,2.121212,1.969697,1.818182,1.666667,1.515152,1.363636,1.212121,1.060606,0.909091,0.757576,0.606061,0.454545,0.30303,0.151515],[0.818182,1.636364,2.454545,3.272727,4.090909,4.909091,4.727273,4.545455,4.363636,4.181818,4.0,3.818182,3.636364,3.454545,3.272727,3.090909,2.909091,2.727273,2.545455,2.363636,2.181818,2.0,1.818182,1.636364,1.454545,1.272727,1.090909,0.909091,0.727273,0.545455,0.363636,0.181818],[0.787879,1.575758,2.363636,3.151515,3.939394,4.727273,5.515152,5.30303,5.090909,4.878788,4.666667,4.454545,4.242424,4.030303,3.818182,3.606061,3.393939,3.181818,2.969697,2.757576,2.545455,2.333333,2.121212,1.909091,1.69697,1.484848,1.272727,1.060606,0.848485,0.636364,0.424242,0.212121],[0.757576,1.515152,2.272727,3.030303,3.787879,4.545455,5.30303,6.060606,5.818182,5.575758,5.333333,5.090909,4.848485,4.606061,4.363636,4.121212,3.878788,3.636364,3.393939,3.151515,2.909091,2.666667,2.424242,2.181818,1.939394,1.69697,1.454545,1.212121,0.969697,0.727273,0.484848,0.242424],[0.727273,1.454545,2.181818,2.909091,3.636364,4.363636,5.090909,5.818182,6.545455,6.272727,6.0,5.727273,5.454545,5.181818,4.909091,4.636364,4.363636,4.090909,3.818182,3.545455,3.272727,3.0,2.727273,2.454545,2.181818,1.909091,1.636364,1.363636,1.090909,0.818182,0.545455,0.272727],[0.69697,1.393939,2.090909,2.787879,3.484848,4.181818,4.878788,5.575758,6.272727,6.969697,6.666667,6.363636,6.060606,5.757576,5.454545,5.151515,4.848485,4.545455,4.242424,3.939394,3.636364,3.333333,3.030303,2.727273,2.424242,2.121212,1.818182,1.515152,1.212121,0.909091,0.606061,0.30303],[0.666667,1.333333,2.0,2.666667,3.333333,4.0,4.666667,5.333333,6.0,6.666667,7.333333,7.0,6.666667,6.333333,6.0,5.666667,5.333333,5.0,4.666667,4.333333,4.0,3.666667,3.333333,3.0,2.666667,2.333333,2.0,1.666667,1.333333,1.0,0.666667,0.333333],[0.636364,1.272727,1.909091,2.545455,3.181818,3.818182,4.454545,5.090909,5.727273,6.363636,7.0,7.636364,7.272727,6.909091,6.545455,6.181818,5.818182,5.454545,5.090909,4.727273,4.363636,4.0,3.636364,3.272727,2.909091,2.545455,2.181818,1.818182,1.454545,1.090909,0.727273,0.363636],[0.606061,1.212121,1.818182,2.424242,3.030303,3.636364,4.242424,4.848485,5.454545,6.060606,6.666667,7.272727,7.878788,7.484848,7.090909,6.69697,6.30303,5.909091,5.515152,5.121212,4.727273,4.333333,3.939394,3.545455,3.151515,2.757576,2.363636,1.969697,1.575758,1.181818,0.787879,0.393939],[0.575758,1.151515,1.727273,2.30303,2.878788,3.454545,4.030303,4.606061,5.181818,5.757576,6.333333,6.909091,7.484848,8.060606,7.636364,7.212121,6.787879,6.363636,5.939394,5.515152,5.090909,4.666667,4.242424,3.818182,3.393939,2.969697,2.545455,2.121212,1.69697,1.272727,0.848485,0.424242],[0.545455,1.090909,1.636364,2.181818,2.727273,3.272727,3.818182,4.363636,4.909091,5.454545,6.0,6.545455,7.090909,7.636364,8.181818,7.727273,7.272727,6.818182,6.363636,5.909091,5.454545,5.0,4.545455,4.090909,3.636364,3.181818,2.727273,2.272727,1.818182,1.363636,0.909091,0.454545],[0.515152,1.030303,1.545455,2.060606,2.575758,3.090909,3.606061,4.121212,4.636364,5.151515,5.666667,6.181818,6.69697,7.212121,7.727273,8.242424,7.757576,7.272727,6.787879,6.30303,5.818182,5.333333,4.848485,4.363636,3.878788,3.393939,2.909091,2.424242,1.939394,1.454545,0.969697,0.484848],[0.484848,0.969697,1.454545,1.939394,2.424242,2.909091,3.393939,3.878788,4.363636,4.848485,5.333333,5.818182,6.30303,6.787879,7.272727,7.757576,8.242424,7.727273,7.212121,6.69697,6.181818,5.666667,5.151515,4.636364,4.121212,3.606061,3.090909,2.575758,2.060606,1.545455,1.030303,0.515152],[0.454545,0.909091,1.363636,1.818182,2.272727,2.727273,3.181818,3.636364,4.090909,4.545455,5.0,5.454545,5.909091,6.363636,6.818182,7.272727,7.727273,8.181818,7.636364,7.090909,6.545455,6.0,5.454545,4.909091,4.363636,3.818182,3.272727,2.727273,2.181818,1.636364,1.090909,0.545455],[0.424242,0.848485,1.272727,1.69697,2.121212,2.545455,2.969697,3.393939,3.818182,4.242424,4.666667,5.090909,5.515152,5.939394,6.363636,6.787879,7.212121,7.636364,8.060606,7.484848,6.909091,6.333333,5.757576,5.181818,4.606061,4.030303,3.454545,2.878788,2.30303,1.727273,1.151515,0.575758],[0.393939,0.787879,1.181818,1.575758,1.969697,2.363636,2.757576,3.151515,3.545455,3.939394,4.333333,4.727273,5.121212,5.515152,5.909091,6.30303,6.69697,7.090909,7.484848,7.878788,7.272727,6.666667,6.060606,5.454545,4.848485,4.242424,3.636364,3.030303,2.424242,1.818182,1.212121,0.606061],[0.363636,0.727273,1.090909,1.454545,1.818182,2.181818,2.545455,2.909091,3.272727,3.636364,4.0,4.363636,4.727273,5.090909,5.454545,5.818182,6.181818,6.545455,6.909091,7.272727,7.636364,7.0,6.363636,5.727273,5.090909,4.454545,3.818182,3.181818,2.545455,1.909091,1.272727,0.636364],[0.333333,0.666667,1.0,1.333333,1.666667,2.0,2.333333,2.666667,3.0,3.333333,3.666667,4.0,4.333333,4.666667,5.0,5.333333,5.666667,6.0,6.333333,6.666667,7.0,7.333333,6.666667,6.0,5.333333,4.666667,4.0,3.333333,2.666667,2.0,1.333333,0.666667],[0.30303,0.606061,0.909091,1.212121,1.515152,1.818182,2.121212,2.424242,2.727273,3.030303,3.333333,3.636364,3.939394,4.242424,4.545455,4.848485,5.151515,5.454545,5.757576,6.060606,6.363636,6.666667,6.969697,6.272727,5.575758,4.878788,4.181818,3.484848,2.787879,2.090909,1.393939,0.69697],[0.272727,0.545455,0.818182,1.090909,1.363636,1.636364,1.909091,2.181818,2.454545,2.727273,3.0,3.272727,3.545455,3.818182,4.090909,4.363636,4.636364,4.909091,5.181818,5.454545,5.727273,6.0,6.272727,6.545455,5.818182,5.090909,4.363636,3.636364,2.909091,2.181818,1.454545,0.727273],[0.242424,0.484848,0.727273,0.969697,1.212121,1.454545,1.69697,1.939394,2.181818,2.424242,2.666667,2.909091,3.151515,3.393939,3.636364,3.878788,4.121212,4.363636,4.606061,4.848485,5.090909,5.333333,5.575758,5.818182,6.060606,5.30303,4.545455,3.787879,3.030303,2.272727,1.515152,0.757576],[0.212121,0.424242,0.636364,0.848485,1.060606,1.272727,1.484848,1.69697,1.909091,2.121212,2.333333,2.545455,2.757576,2.969697,3.181818,3.393939,3.606061,3.818182,4.030303,4.242424,4.454545,4.666667,4.878788,5.090909,5.30303,5.515152,4.727273,3.939394,3.151515,2.363636,1.575758,0.787879],[0.181818,0.363636,0.545455,0.727273,0.909091,1.090909,1.272727,1.454545,1.636364,1.818182,2.0,2.181818,2.363636,2.545455,2.727273,2.909091,3.090909,3.272727,3.454545,3.636364,3.818182,4.0,4.181818,4.363636,4.545455,4.727273,4.909091,4.090909,3.272727,2.454545,1.636364,0.818182],[0.151515,0.30303,0.454545,0.606061,0.757576,0.909091,1.060606,1.212121,1.363636,1.515152,1.666667,1.818182,1.969697,2.121212,2.272727,2.424242,2.575758,2.727273,2.878788,3.030303,3.181818,3.333333,3.484848,3.636364,3.787879,3.939394,4.090909,4.242424,3.393939,2.545455,1.69697,0.848485],[0.121212,0.242424,0.363636,0.484848,0.606061,0.727273,0.848485,0.969697,1.090909,1.212121,1.333333,1.454545,1.575758,1.69697,1.818182,1.939394,2.060606,2.181818,2.30303,2.424242,2.545455,2.666667,2.787879,2.909091,3.030303,3.151515,3.272727,3.393939,3.515152,2.636364,1.757576,0.878788],[0.090909,0.181818,0.272727,0.363636,0.454545,0.545455,0.636364,0.727273,0.818182,0.909091,1.0,1.090909,1.181818,1.272727,1.363636,1.454545,1.545455,1.636364,1.727273,1.818182,1.909091,2.0,2.090909,2.181818,2.272727,2.363636,2.454545,2.545455,2.636364,2.727273,1.818182,0.909091],[0.060606,0.121212,0.181818,0.242424,0.30303,0.363636,0.424242,0.484848,0.545455,0.606061,0.666667,0.727273,0.787879,0.848485,0.909091,0.969697,1.030303,1.090909,1.151515,1.212121,1.272727,1.333333,1.393939,1.454545,1.515152,1.575758,1.636364,1.69697,1.757576,1.818182,1.878788,0.939394],[0.030303,0.060606,0.090909,0.121212,0.151515,0.181818,0.212121,0.242424,0.272727,0.30303,0.333333,0.363636,0.393939,0.424242,0.454545,0.484848,0.515152,0.545455,0.575758,0.606061,0.636364,0.666667,0.69697,0.727273,0.757576,0.787879,0.818182,0.848485,0.878788,0.909091,0.939394,0.969697]],"column":[0.5151515151515139,1.0303030303030278,1.5454545454545419,2.060606060606056,2.57575757575757,3.0909090909090837,3.6060606060605975,4.121212121212111,4.636363636363625,5.15151515151514,5.666666666666654,6.1818181818181674,6.696969696969681,7.212121212121195,7.727272727272709,8.242424242424223,7.7575757575757365,7.27272727272725,6.787878787878764,6.30303030303028,5.818181818181796,5.333333333333312,4.848484848484829,4.363636363636346,3.878787878787864,3.3939393939393803,2.909090909090897,2.424242424242414,1.9393939393939312,1.4545454545454484,0.9696969696969654,0.48484848484848275],"u":[0.030303030303030304,0.06060606060606061,0.09090909090909091,0.12121212121212122,0.15151515151515152,0.18181818181818182,0.21212121212121213,0.24242424242424243,0.2727272727272727,0.30303030303030304,0.33333333333333337,0.36363636363636365,0.3939393939393939,0.42424242424242425,0.4545454545454546,0.48484848484848486,0.5151515151515151,0.5454545454545454,0.5757575757575758,0.6060606060606061,0.6363636363636364,0.6666666666666667,0.696969696969697,0.7272727272727273,0.7575757575757576,0.7878787878787878,0.8181818181818182,0.8484848484848485,0.8787878787878788,0.9090909090909092,0.9393939393939394,0.9696969696969697],"v":[0.9696969696969697,0.9393939393939394,0.9090909090909091,0.8787878787878788,0.8484848484848485,0.8181818181818181,0.7878787878787878,0.7575757575757576,0.7272727272727273,0.696969696969697,0.6666666666666666,0.6363636363636364,0.6060606060606061,0.5757575757575757,0.5454545454545454,0.5151515151515151,0.48484848484848486,0.4545454545454546,0.4242424242424242,0.3939393939393939,0.36363636363636365,0.33333333333333326,0.303030303030303,0.2727272727272727,0.24242424242424243,0.21212121212121215,0.18181818181818177,0.1515151515151515,0.12121212121212122,0.09090909090909083,0.06060606060606055,0.030303030303030276],"corner_ranks":[1,1,1,1,1,1,1,1,1,1,1,1,1,1,1,1,1,1,1,1,1,1,1,1,1,1,1,1,1,1,1,1]},"pinv":{"heatmap":[[10.171875,9.203125,8.265625,7.359375,6.484375,5.640625,4.828125,4.046875,3.296875,2.578125,1.890625,1.234375,0.609375,0.015625,-0.546875,-1.078125,-1.578125,-2.046875,-2.484375,-2.890625,-3.265625,-3.609375,-3.921875,-4.203125,-4.453125,-4.671875,-4.859375,-5.015625,-5.140625,-5.234375,-5.296875,-5.328125],[9.203125,9.234375,8.296875,7.390625,6.515625,5.671875,4.859375,4.078125,3.328125,2.609375,1.921875,1.265625,0.640625,0.046875,-0.515625,-1.046875,-1.546875,-2.015625,-2.453125,-2.859375,-3.234375,-3.578125,-3.890625,-4.171875,-4.421875,-4.640625,-4.828125,-4.984375,-5.109375,-5.203125,-5.265625,-5.296875],[8.265625,8.296875,8.359375,7.453125,6.578125,5.734375,4.921875,4.140625,3.390625,2.671875,1.984375,1.328125,0.703125,0.109375,-0.453125,-0.984375,-1.484375,-1.953125,-2.390625,-2.796875,-3.171875,-3.515625,-3.828125,-4.109375,-4.359375,-4.578125,-4.765625,-4.921875,-5.046875,-5.140625,-5.203125,-5.234375],[7.359375,7.390625,7.453125,7.546875,6.671875,5.828125,5.015625,4.234375,3.484375,2.765625,2.078125,1.421875,0.796875,0.203125,-0.359375,-0.890625,-1.390625,-1.859375,-2.296875,-2.703125,-3.078125,-3.421875,-3.734375,-4.015625,-4.265625,-4.484375,-4.671875,-4.828125,-4.953125,-5.046875,-5.109375,-5.140625],[6.484375,6.515625,6.578125,6.671875,6.796875,5.953125,5.140625,4.359375,3.609375,2.890625,2.203125,1.546875,0.921875,0.328125,-0.234375,-0.765625,-1.265625,-1.734375,-2.171875,-2.578125,-2.953125,-3.296875,-3.609375,-3.890625,-4.140625,-4.359375,-4.546875,-4.703125,-4.828125,-4.921875,-4.984375,-5.015625],[5.640625,5.671875,5.734375,5.828125,5.953125,6.109375,5.296875,4.515625,3.765625,3.046875,2.359375,1.703125,1.078125,0.484375,-0.078125,-0.609375,-1.109375,-1.578125,-2.015625,-2.421875,-2.796875,-3.140625,-3.453125,-3.734375,-3.984375,-4.203125,-4.390625,-4.546875,-4.671875,-4.765625,-4.828125,-4.859375],[4.828125,4.859375,4.921875,5.015625,5.140625,5.296875,5.484375,4.703125,3.953125,3.234375,2.546875,1.890625,1.265625,0.671875,0.109375,-0.421875,-0.921875,-1.390625,-1.828125,-2.234375,-2.609375,-2.953125,-3.265625,-3.546875,-3.796875,-4.015625,-4.203125,-4.359375,-4.484375,-4.578125,-4.640625,-4.671875],[4.046875,4.078125,4.140625,4.234375,4.359375,4.515625,4.703125,4.921875,4.171875,3.453125,2.765625,2.109375,1.484375,0.890625,0.328125,-0.203125,-0.703125,-1.171875,-1.609375,-2.015625,-2.390625,-2.734375,-3.046875,-3.328125,-3.578125,-3.796875,-3.984375,-4.140625,-4.265625,-4.359375,-4.421875,-4.453125],[3.296875,3.328125,3.390625,3.484375,3.609375,3.765625,3.953125,4.171875,4.421875,3.703125,3.015625,2.359375,1.734375,1.140625,0.578125,0.046875,-0.453125,-0.921875,-1.359375,-1.765625,-2.140625,-2.484375,-2.796875,-3.078125,-3.328125,-3.546875,-3.734375,-3.890625,-4.015625,-4.109375,-4.171875,-4.203125],[2.578125,2.609375,2.671875,2.765625,2.890625,3.046875,3.234375,3.453125,3.703125,3.984375,3.296875,2.640625,2.015625,1.421875,0.859375,0.328125,-0.171875,-0.640625,-1.078125,-1.484375,-1.859375,-2.203125,-2.515625,-2.796875,-3.046875,-3.265625,-3.453125,-3.609375,-3.734375,-3.828125,-3.890625,-3.921875],[1.890625,1.921875,1.984375,2.078125,2.203125,2.359375,2.546875,2.765625,3.015625,3.296875,3.609375,2.953125,2.328125,1.734375,1.171875,0.640625,0.140625,-0.328125,-0.765625,-1.171875,-1.546875,-1.890625,-2.203125,-2.484375,-2.734375,-2.953125,-3.140625,-3.296875,-3.421875,-3.515625,-3.578125,-3.609375],[1.234375,1.265625,1.328125,1.421875,1.546875,1.703125,1.890625,2.109375,2.359375,2.640625,2.953125,3.296875,2.671875,2.078125,1.515625,0.984375,0.484375,0.015625,-0.421875,-0.828125,-1.203125,-1.546875,-1.859375,-2.140625,-2.390625,-2.609375,-2.796875,-2.953125,-3.078125,-3.171875,-3.234375,-3.265625],[0.609375,0.640625,0.703125,0.796875,0.921875,1.078125,1.265625,1.484375,1.734375,2.015625,2.328125,2.671875,3.046875,2.453125,1.890625,1.359375,0.859375,0.390625,-0.046875,-0.453125,-0.828125,-1.171875,-1.484375,-1.765625,-2.015625,-2.234375,-2.421875,-2.578125,-2.703125,-2.796875,-2.859375,-2.890625],[0.015625,0.046875,0.109375,0.203125,0.328125,0.484375,0.671875,0.890625,1.140625,1.421875,1.734375,2.078125,2.453125,2.859375,2.296875,1.765625,1.265625,0.796875,0.359375,-0.046875,-0.421875,-0.765625,-1.078125,-1.359375,-1.609375,-1.828125,-2.015625,-2.171875,-2.296875,-2.390625,-2.453125,-2.484375],[-0.546875,-0.515625,-0.453125,-0.359375,-0.234375,-0.078125,0.109375,0.328125,0.578125,0.859375,1.171875,1.515625,1.890625,2.296875,2.734375,2.203125,1.703125,1.234375,0.796875,0.390625,0.015625,-0.328125,-0.640625,-0.921875,-1.171875,-1.390625,-1.578125,-1.734375,-1.859375,-1.953125,-2.015625,-2.046875],[-1.078125,-1.046875,-0.984375,-0.890625,-0.765625,-0.609375,-0.421875,-0.203125,0.046875,0.328125,0.640625,0.984375,1.359375,1.765625,2.203125,2.671875,2.171875,1.703125,1.265625,0.859375,0.484375,0.140625,-0.171875,-0.453125,-0.703125,-0.921875,-1.109375,-1.265625,-1.390625,-1.484375,-1.546875,-1.578125],[-1.578125,-1.546875,-1.484375,-1.390625,-1.265625,-1.109375,-0.921875,-0.703125,-0.453125,-0.171875,0.140625,0.484375,0.859375,1.265625,1.703125,2.171875,2.671875,2.203125,1.765625,1.359375,0.984375,0.640625,0.328125,0.046875,-0.203125,-0.421875,-0.609375,-0.765625,-0.890625,-0.984375,-1.046875,-1.078125],[-2.046875,-2.015625,-1.953125,-1.859375,-1.734375,-1.578125,-1.390625,-1.171875,-0.921875,-0.640625,-0.328125,0.015625,0.390625,0.796875,1.234375,1.703125,2.203125,2.734375,2.296875,1.890625,1.515625,1.171875,0.859375,0.578125,0.328125,0.109375,-0.078125,-0.234375,-0.359375,-0.453125,-0.515625,-0.546875],[-2.484375,-2.453125,-2.390625,-2.296875,-2.171875,-2.015625,-1.828125,-1.609375,-1.359375,-1.078125,-0.765625,-0.421875,-0.046875,0.359375,0.796875,1.265625,1.765625,2.296875,2.859375,2.453125,2.078125,1.734375,1.421875,1.140625,0.890625,0.671875,0.484375,0.328125,0.203125,0.109375,0.046875,0.015625],[-2.890625,-2.859375,-2.796875,-2.703125,-2.578125,-2.421875,-2.234375,-2.015625,-1.765625,-1.484375,-1.171875,-0.828125,-0.453125,-0.046875,0.390625,0.859375,1.359375,1.890625,2.453125,3.046875,2.671875,2.328125,2.015625,1.734375,1.484375,1.265625,1.078125,0.921875,0.796875,0.703125,0.640625,0.609375],[-3.265625,-3.234375,-3.171875,-3.078125,-2.953125,-2.796875,-2.609375,-2.390625,-2.140625,-1.859375,-1.546875,-1.203125,-0.828125,-0.421875,0.015625,0.484375,0.984375,1.515625,2.078125,2.671875,3.296875,2.953125,2.640625,2.359375,2.109375,1.890625,1.703125,1.546875,1.421875,1.328125,1.265625,1.234375],[-3.609375,-3.578125,-3.515625,-3.421875,-3.296875,-3.140625,-2.953125,-2.734375,-2.484375,-2.203125,-1.890625,-1.546875,-1.171875,-0.765625,-0.328125,0.140625,0.640625,1.171875,1.734375,2.328125,2.953125,3.609375,3.296875,3.015625,2.765625,2.546875,2.359375,2.203125,2.078125,1.984375,1.921875,1.890625],[-3.921875,-3.890625,-3.828125,-3.734375,-3.609375,-3.453125,-3.265625,-3.046875,-2.796875,-2.515625,-2.203125,-1.859375,-1.484375,-1.078125,-0.640625,-0.171875,0.328125,0.859375,1.421875,2.015625,2.640625,3.296875,3.984375,3.703125,3.453125,3.234375,3.046875,2.890625,2.765625,2.671875,2.609375,2.578125],[-4.203125,-4.171875,-4.109375,-4.015625,-3.890625,-3.734375,-3.546875,-3.328125,-3.078125,-2.796875,-2.484375,-2.140625,-1.765625,-1.359375,-0.921875,-0.453125,0.046875,0.578125,1.140625,1.734375,2.359375,3.015625,3.703125,4.421875,4.171875,3.953125,3.765625,3.609375,3.484375,3.390625,3.328125,3.296875],[-4.453125,-4.421875,-4.359375,-4.265625,-4.140625,-3.984375,-3.796875,-3.578125,-3.328125,-3.046875,-2.734375,-2.390625,-2.015625,-1.609375,-1.171875,-0.703125,-0.203125,0.328125,0.890625,1.484375,2.109375,2.765625,3.453125,4.171875,4.921875,4.703125,4.515625,4.359375,4.234375,4.140625,4.078125,4.046875],[-4.671875,-4.640625,-4.578125,-4.484375,-4.359375,-4.203125,-4.015625,-3.796875,-3.546875,-3.265625,-2.953125,-2.609375,-2.234375,-1.828125,-1.390625,-0.921875,-0.421875,0.109375,0.671875,1.265625,1.890625,2.546875,3.234375,3.953125,4.703125,5.484375,5.296875,5.140625,5.015625,4.921875,4.859375,4.828125],[-4.859375,-4.828125,-4.765625,-4.671875,-4.546875,-4.390625,-4.203125,-3.984375,-3.734375,-3.453125,-3.140625,-2.796875,-2.421875,-2.015625,-1.578125,-1.109375,-0.609375,-0.078125,0.484375,1.078125,1.703125,2.359375,3.046875,3.765625,4.515625,5.296875,6.109375,5.953125,5.828125,5.734375,5.671875,5.640625],[-5.015625,-4.984375,-4.921875,-4.828125,-4.703125,-4.546875,-4.359375,-4.140625,-3.890625,-3.609375,-3.296875,-2.953125,-2.578125,-2.171875,-1.734375,-1.265625,-0.765625,-0.234375,0.328125,0.921875,1.546875,2.203125,2.890625,3.609375,4.359375,5.140625,5.953125,6.796875,6.671875,6.578125,6.515625,6.484375],[-5.140625,-5.109375,-5.046875,-4.953125,-4.828125,-4.671875,-4.484375,-4.265625,-4.015625,-3.734375,-3.421875,-3.078125,-2.703125,-2.296875,-1.859375,-1.390625,-0.890625,-0.359375,0.203125,0.796875,1.421875,2.078125,2.765625,3.484375,4.234375,5.015625,5.828125,6.671875,7.546875,7.453125,7.390625,7.359375],[-5.234375,-5.203125,-5.140625,-5.046875,-4.921875,-4.765625,-4.578125,-4.359375,-4.109375,-3.828125,-3.515625,-3.171875,-2.796875,-2.390625,-1.953125,-1.484375,-0.984375,-0.453125,0.109375,0.703125,1.328125,1.984375,2.671875,3.390625,4.140625,4.921875,5.734375,6.578125,7.453125,8.359375,8.296875,8.265625],[-5.296875,-5.265625,-5.203125,-5.109375,-4.984375,-4.828125,-4.640625,-4.421875,-4.171875,-3.890625,-3.578125,-3.234375,-2.859375,-2.453125,-2.015625,-1.546875,-1.046875,-0.515625,0.046875,0.640625,1.265625,1.921875,2.609375,3.328125,4.078125,4.859375,5.671875,6.515625,7.390625,8.296875,9.234375,9.203125],[-5.328125,-5.296875,-5.234375,-5.140625,-5.015625,-4.859375,-4.671875,-4.453125,-4.203125,-3.921875,-3.609375,-3.265625,-2.890625,-2.484375,-2.046875,-1.578125,-1.078125,-0.546875,0.015625,0.609375,1.234375,1.890625,2.578125,3.296875,4.046875,4.828125,5.640625,6.484375,7.359375,8.265625,9.203125,10.171875]],"column":[-1.0781250000000495,-1.0468750000000484,-0.984375000000046,-0.8906250000000452,-0.7656250000000437,-0.6093750000000424,-0.42187500000003897,-0.20312500000003506,0.04687499999996915,0.328124999999972,0.6406249999999759,0.9843749999999805,1.3593749999999851,1.7656249999999905,2.2031249999999956,2.6718750000000027,2.171875000000006,1.7031250000000075,1.265625000000012,0.8593750000000182,0.4843750000000248,0.14062500000003064,-0.17187499999996306,-0.45312499999995687,-0.7031249999999531,-0.9218749999999492,-1.1093749999999474,-1.2656249999999452,-1.390624999999942,-1.4843749999999407,-1.5468749999999376,-1.5781249999999358],"corner_ranks":[1,2,2,2,2,2,2,2,2,2,2,2,2,2,2,2,2,2,2,2,2,2,2,2,2,2,2,2,2,2,2,1]},"ground_k":{"1":{"heatmap":[[0,0,0,0,0,0,0,0,0,0,0,0,0,0,0,0,0,0,0,0,0,0,0,0,0,0,0,0,0,0,0,0],[0,1,1,1,1,1,1,1,1,1,1,1,1,1,1,1,1,1,1,1,1,1,1,1,1,1,1,1,1,1,1,1],[0,1,2,2,2,2,2,2,2,2,2,2,2,2,2,2,2,2,2,2,2,2,2,2,2,2,2,2,2,2,2,2],[0,1,2,3,3,3,3,3,3,3,3,3,3,3,3,3,3,3,3,3,3,3,3,3,3,3,3,3,3,3,3,3],[0,1,2,3,4,4,4,4,4,4,4,4,4,4,4,4,4,4,4,4,4,4,4,4,4,4,4,4,4,4,4,4],[0,1,2,3,4,5,5,5,5,5,5,5,5,5,5,5,5,5,5,5,5,5,5,5,5,5,5,5,5,5,5,5],[0,1,2,3,4,5,6,6,6,6,6,6,6,6,6,6,6,6,6,6,6,6,6,6,6,6,6,6,6,6,6,6],[0,1,2,3,4,5,6,7,7,7,7,7,7,7,7,7,7,7,7,7,7,7,7,7,7,7,7,7,7,7,7,7],[0,1,2,3,4,5,6,7,8,8,8,8,8,8,8,8,8,8,8,8,8,8,8,8,8,8,8,8,8,8,8,8],[0,1,2,3,4,5,6,7,8,9,9,9,9,9,9,9,9,9,9,9,9,9,9,9,9,9,9,9,9,9,9,9],[0,1,2,3,4,5,6,7,8,9,10,10,10,10,10,10,10,10,10,10,10,10,10,10,10,10,10,10,10,10,10,10],[0,1,2,3,4,5,6,7,8,9,10,11,11,11,11,11,11,11,11,11,11,11,11,11,11,11,11,11,11,11,11,11],[0,1,2,3,4,5,6,7,8,9,10,11,12,12,12,12,12,12,12,12,12,12,12,12,12,12,12,12,12,12,12,12],[0,1,2,3,4,5,6,7,8,9,10,11,12,13,13,13,13,13,13,13,13,13,13,13,13,13,13,13,13,13,13,13],[0,1,2,3,4,5,6,7,8,9,10,11,12,13,14,14,14,14,14,14,14,14,14,14,14,14,14,14,14,14,14,14],[0,1,2,3,4,5,6,7,8,9,10,11,12,13,14,15,15,15,15,15,15,15,15,15,15,15,15,15,15,15,15,15],[0,1,2,3,4,5,6,7,8,9,10,11,12,13,14,15,16,16,16,16,16,16,16,16,16,16,16,16,16,16,16,16],[0,1,2,3,4,5,6,7,8,9,10,11,12,13,14,15,16,17,17,17,17,17,17,17,17,17,17,17,17,17,17,17],[0,1,2,3,4,5,6,7,8,9,10,11,12,13,14,15,16,17,18,18,18,18,18,18,18,18,18,18,18,18,18,18],[0,1,2,3,4,5,6,7,8,9,10,11,12,13,14,15,16,17,18,19,19,19,19,19,19,19,19,19,19,19,19,19],[0,1,2,3,4,5,6,7,8,9,10,11,12,13,14,15,16,17,18,19,20,20,20,20,20,20,20,20,20,20,20,20],[0,1,2,3,4,5,6,7,8,9,10,11,12,13,14,15,16,17,18,19,20,21,21,21,21,21,21,21,21,21,21,21],[0,1,2,3,4,5,6,7,8,9,10,11,12,13,14,15,16,17,18,19,20,21,22,22,22,22,22,22,22,22,22,22],[0,1,2,3,4,5,6,7,8,9,10,11,12,13,14,15,16,17,18,19,20,21,22,23,23,23,23,23,23,23,23,23],[0,1,2,3,4,5,6,7,8,9,10,11,12,13,14,15,16,17,18,19,20,21,22,23,24,24,24,24,24,24,24,24],[0,1,2,3,4,5,6,7,8,9,10,11,12,13,14,15,16,17,18,19,20,21,22,23,24,25,25,25,25,25,25,25],[0,1,2,3,4,5,6,7,8,9,10,11,12,13,14,15,16,17,18,19,20,21,22,23,24,25,26,26,26,26,26,26],[0,1,2,3,4,5,6,7,8,9,10,11,12,13,14,15,16,17,18,19,20,21,22,23,24,25,26,27,27,27,27,27],[0,1,2,3,4,5,6,7,8,9,10,11,12,13,14,15,16,17,18,19,20,21,22,23,24,25,26,27,28,28,28,28],[0,1,2,3,4,5,6,7,8,9,10,11,12,13,14,15,16,17,18,19,20,21,22,23,24,25,26,27,28,29,29,29],[0,1,2,3,4,5,6,7,8,9,10,11,12,13,14,15,16,17,18,19,20,21,22,23,24,25,26,27,28,29,30,30],[0,1,2,3,4,5,6,7,8,9,10,11,12,13,14,15,16,17,18,19,20,21,22,23,24,25,26,27,28,29,30,31]],"column":[0.0,0.9999999999999908,1.9999999999999816,2.9999999999999725,3.999999999999964,4.999999999999955,5.999999999999946,6.999999999999936,7.999999999999927,8.999999999999918,9.99999999999991,10.9999999999999,11.99999999999989,12.99999999999988,13.99999999999987,14.999999999999861,14.999999999999853,14.999